%YAML:1.0
dim: 24
bias: -0.588082
mu: !!opencv-matrix
 rows: 24
 cols: 1
 dt: d
 data: [ -3.494741, 11.143110, -2.899380, -1.757835, -0.868853, -1.104756, -1.849547, -2.140990, -1.623063, 0.561244, -0.711402, -1.845021, -0.264166, 1.093663, -0.182730, 0.785600, -0.241233, 0.235880, 0.649619, -0.418561, 0.182011, 0.365861, -0.044000, 0.044930 ]

sigma: !!opencv-matrix
 rows: 24
 cols: 1
 dt: d
 data: [ 4.111445, 4.697943, 2.676117, 1.744333, 1.756640, 1.621726, 2.022256, 1.705926, 1.859690, 0.984911, 0.894656, 0.683827, 0.673757, 0.721286, 0.542752, 0.605970, 0.578685, 0.455240, 0.337464, 0.400203, 0.449873, 0.467598, 0.545266, 0.165299 ]

weights: !!opencv-matrix
 rows: 24
 cols: 1
 dt: d
 data: [ -0.455565, 1.404140, 1.779051, -1.324771, 1.174384, 0.016085, 0.801151, -2.251373, -1.625761, 0.148464, -0.329428, 0.526053, 0.438253, 0.969822, -0.040065, 0.400809, -0.515884, 0.729028, 0.074681, 0.906612, 0.322062, 0.458948, 0.881645, -0.373864 ]

