%YAML:1.0
camera_matrix: !!opencv-matrix
   rows: 3
   cols: 3
   dt: d
   data: [ 1.3581483039874424e+003, 0., 4.9112791167819330e+002, 0.,
       1.3879028944794752e+003, 6.1857192824900619e+002, 0., 0., 1. ]
distortion_coefficients: !!opencv-matrix
   rows: 5
   cols: 1
   dt: d
   data: [ 1.5767158597058328e-001, -5.9983565185127741e-001,
       5.5242499538205973e-002, -2.3951193086644573e-002,
       1.4712672363662120e+000 ]
imageSize: [ 1024, 768 ]
avg_reprojection_error: 7.0563736054985304e-001
