encog,BasicNetwork,java,3.0.1,1,1339667055405
[BASIC]
[BASIC:PARAMS]
[BASIC:NETWORK]
beginTraining=0
connectionLimit=0
contextTargetOffset=0,0,0
contextTargetSize=0,0,0
endTraining=2
hasContext=f
inputCount=2
layerCounts=1,5,3
layerFeedCounts=1,4,2
layerContextCount=0,0,0
layerIndex=0,1,6
output=0.00634005765939027,0.00000000000000095643,0.9818029531159179,0.0037958753561014636,0.9969029978283724,1,0,0,1
outputCount=1
weightIndex=0,5,17
weights=4291.175361624926,-5.095559120748113,441.076819365999,-2.0902148958786646,0.3577966846977528,28.881097035647073,-2855.092589779041,-34.58331922985258,4.489794695879674,-6.355510705501368,3.988131307677428,-2.698378411109548,1.5223407445554966,-5.570037136389072,1.6757019364390549,1021.7879499190448,5.774218868980238
biasActivation=0,1,1
[BASIC:ACTIVATION]
"ActivationSigmoid"
"ActivationSigmoid"
"ActivationLinear"
