%YAML:1.0
roi:
   x: 16
   y: 10
   width: 300
   height: 221
bestRoundness: 8.4999999999999998e-001
max_grey_value: 200
width: 320
height: 240
MSERParams:
   delta: 5
   minarea: 500
   maxarea: 3000
   max_variation: 2.5000000000000000e-001
   min_diversity: 5.0000000000000000e-001
   max_evolution: 200
   area_threshold: 1.0100000000000000e+000
   min_margin: 3.0000000000000001e-003
   edge_blur_size: 5
